		"Flying"	"Storm"	"Darkness"	"Heights"	"Spiders"	"Snakes"	"Rats"	"Ageing"	"Dangerous.dogs"	"Fear.of.public.speaking"	
 Centroids gerados:
		0.32	0.27	0.31	0.71	0.37	0.39	0.31	0.35	0.65	0.58	
		0.30	0.38	0.48	0.67	0.80	0.79	0.71	0.70	0.73	0.50	
		0.30	0.24	0.27	0.30	0.27	0.27	0.24	0.30	0.35	0.39	
		0.75	0.54	0.52	0.75	0.61	0.67	0.54	0.60	0.68	0.67	
		0.38	0.27	0.35	0.44	0.29	0.38	0.33	0.80	0.52	0.58	
		0.32	0.27	0.32	0.43	0.53	0.82	0.43	0.34	0.52	0.50	
		
		0.8272	
		0.5726	1.1323	
		0.7581	0.5991	1.0984	
		0.5581	0.8424	0.6091	0.8069	
		0.5756	0.6518	0.6820	0.7594	0.6954	
		